inf
inf
inf
inf
inf
inf
inf
inf
inf
inf
inf
inf
inf
inf
inf
inf
7.137030655812916236e-02
inf
inf
1.214241009936578714e-01
inf
1.755809103240921487e-01
inf
2.555274136266781904e-01
inf
3.565945215882287966e-01
4.694436241563294532e-01
6.893585381321367667e-01
8.103204538368119492e-01
8.782354632589833843e-01
9.756942516677157284e-01
1.255525773685364666e+00
1.721708686870168981e+00
1.664687680063395847e+00
2.590440267683296938e+00
2.604187684913313650e+00
3.487280300951377754e+00
4.556112696100879766e+00
5.150547922876989482e+00
7.889596139752841353e+00
8.698180070233235028e+00
1.104775214934247174e+01
1.444829426791636884e+01
2.423803399839260919e+01
inf
inf
