inf
inf
inf
inf
inf
inf
inf
inf
inf
inf
inf
inf
inf
1.520231394459587770e+00
inf
inf
1.856953802038586065e+00
inf
2.649401664904097675e+00
inf
3.464049085467765465e+00
inf
4.651369160626499522e+00
6.179098698491235275e+00
7.971198859583235929e+00
9.960761832125076154e+00
1.242173639264944462e+01
1.519829188620023785e+01
1.852831257244727325e+01
2.247388234477375946e+01
2.043734644205148498e+01
3.113450058942126475e+01
4.111685476074466550e+01
4.452257668800355361e+01
5.310861094860241849e+01
7.524381771722515566e+01
9.252662987923771709e+01
1.268428480229196964e+02
1.481626606211428054e+02
2.091801389124439083e+02
3.134583196050462561e+02
inf
inf
inf
inf
inf
