inf
inf
inf
inf
inf
inf
inf
inf
inf
inf
inf
inf
inf
inf
inf
3.776972425077324558e-01
inf
inf
6.423569729671818607e-01
inf
1.001876892259040863e+00
inf
1.411893002852676604e+00
inf
1.880554916950245348e+00
2.474131256618178121e+00
3.231115965310265903e+00
4.681517262797142642e+00
4.822863460209304343e+00
5.504973263774203929e+00
7.339662581009336328e+00
9.230140707587496607e+00
8.570569818240079130e+00
1.388352589868062203e+01
1.461642494657059821e+01
1.846520325431687937e+01
2.397277643243604217e+01
2.733852841956199597e+01
4.085642177444953660e+01
4.980547762950842383e+01
5.653251079615597519e+01
8.264242690286718585e+01
1.293321127767881364e+02
inf
inf
inf
