inf
inf
inf
inf
inf
inf
inf
inf
inf
inf
inf
inf
9.196555590587045970e+00
inf
inf
1.123124065233940172e+01
inf
inf
1.602043294946858154e+01
7.320726082851142280e+01
2.339398171407223970e+01
2.900327445634505352e+01
inf
3.824440989770783972e+01
4.935926467934612560e+01
6.175056638169408529e+01
7.567303834285527842e+01
9.323139070395704664e+01
8.839757607881576007e+01
1.525872816831068803e+02
1.528312346130583990e+02
2.339922705763597151e+02
2.331622622642215674e+02
3.093358127744119201e+02
3.604791476844752083e+02
5.234238501322458887e+02
6.109372410047059248e+02
8.202339266152995378e+02
1.074094187735494870e+03
1.233457987651986514e+03
inf
inf
inf
inf
inf
inf
