inf
inf
inf
inf
inf
inf
inf
inf
inf
inf
inf
inf
inf
7.177004139423081019e-01
inf
inf
1.012081240980287511e+00
1.056061947827610981e+00
inf
1.138959540977488638e+00
inf
1.603444846102608734e+00
2.200680254027141292e+00
inf
2.923807163883336724e+00
3.719838718182954640e+00
4.714460780687461217e+00
5.879056995959574650e+00
7.193191057315758918e+00
8.768196614845422232e+00
8.123975930352353103e+00
1.468139836764143524e+01
1.341205099761623565e+01
1.831802618730232624e+01
2.396093534328418784e+01
3.119810381807970501e+01
3.629917411268110072e+01
4.939833599658725660e+01
5.819944228851208123e+01
7.257456820575887946e+01
9.689726422825579277e+01
2.174787311968715642e+02
inf
inf
inf
inf
