inf
inf
inf
inf
inf
inf
inf
inf
inf
inf
inf
inf
inf
inf
1.200377999184324862e+00
inf
inf
1.222942495825637188e+00
inf
1.906503622035741197e+00
inf
2.684650817410593859e+00
inf
3.684958457247621499e+00
4.896090142069205342e+00
6.136400683084894503e+00
9.839708104090405527e+00
8.781620050375048336e+00
9.885683146824952416e+00
1.383067563762197061e+01
1.753840584670905756e+01
1.646855618251064968e+01
2.747918123211834285e+01
2.619541004538732665e+01
3.517531458815994228e+01
4.619114659328858608e+01
5.203145639232752018e+01
8.019532863962993474e+01
8.821154634812725703e+01
1.173879147146457882e+02
1.369882296718939756e+02
2.467313557886811566e+02
inf
inf
inf
inf
