inf
inf
inf
inf
inf
inf
inf
inf
inf
inf
inf
inf
inf
inf
inf
inf
7.681464427330023104e-02
inf
inf
1.306747526636334589e-01
inf
2.039180732239649907e-01
inf
2.747793667483277025e-01
5.087598551741452368e-01
5.834294148935365021e-01
5.047118552994043217e-01
6.590900651478804884e-01
8.336753166144551530e-01
1.026448504191673550e+00
1.272148071547672510e+00
1.548501062305382092e+00
1.570165664228258873e+00
2.143569280103057473e+00
2.460937222427648674e+00
3.286690260495474192e+00
4.088678412136961704e+00
5.229585895887679747e+00
6.991884085170783081e+00
7.637241954534352395e+00
1.032357596962281043e+01
1.359193625854726584e+01
1.577220306749018519e+01
3.817758711302087704e+01
inf
inf
