inf
inf
inf
inf
inf
inf
inf
inf
inf
inf
inf
inf
inf
inf
inf
inf
5.520932208576192352e-02
inf
inf
9.393770967698127083e-02
inf
1.697601180832672696e-01
2.268988164376480321e-01
2.112639627402611298e-01
5.640972997217575946e-01
2.761060850213208906e-01
4.078283010704980005e-01
6.356849841897024289e-01
5.332548110359616178e-01
5.948750118789578600e-01
7.082858789649825182e-01
8.136548843630240224e-01
1.089989492839076979e+00
1.552058830563004532e+00
1.488532435310588431e+00
2.059374318553162553e+00
2.631391928766118937e+00
3.321835048200199481e+00
4.373151003936053272e+00
4.977966697539405239e+00
6.783449446446672582e+00
8.484923188536640737e+00
1.128567798070209705e+01
1.470334223140662822e+01
inf
inf
