inf
inf
inf
inf
inf
inf
inf
inf
inf
inf
inf
inf
inf
inf
inf
inf
inf
3.650987817845804256e-02
inf
inf
6.213853921490506554e-02
inf
9.010712212063493043e-02
inf
1.312066303697878300e-01
4.495995429101876106e-01
1.975888224163021012e-01
2.412510196248660588e-01
3.332529892651808767e-01
4.066221528664921148e-01
4.561388479008147701e-01
5.382845029915420687e-01
6.650313810745783760e-01
8.340461452532952347e-01
9.004709547644729195e-01
1.198058307493064634e+00
1.544015189739462279e+00
1.810116055014935998e+00
2.221154335957474579e+00
3.069790233957437664e+00
3.649118729707608200e+00
4.821101960816465137e+00
6.175250745534957453e+00
7.826200139146149759e+00
1.397929861179174793e+01
inf
