inf
inf
inf
inf
inf
inf
inf
inf
inf
inf
inf
inf
inf
inf
7.512017427859086638e+01
inf
1.052345496464743775e+02
inf
1.335900893015956115e+02
inf
1.784524452075303032e+02
2.308136656641712818e+02
2.874927761841191796e+02
3.635080580158066255e+02
4.436128267631953008e+02
5.436825793887985583e+02
6.573265653981402465e+02
7.879683112913969580e+02
7.176459527021194162e+02
1.093056615213496571e+03
1.434810249505068441e+03
1.558284628233570629e+03
1.905285864492080009e+03
2.516523844264144373e+03
3.253528968661902582e+03
4.810830246904390151e+03
4.702769510390256983e+03
7.347113535689981290e+03
1.099633388240327258e+04
inf
inf
inf
inf
inf
inf
inf
