inf
inf
inf
inf
inf
inf
inf
inf
inf
inf
inf
inf
inf
inf
inf
inf
1.337459619122131627e-01
1.012671635980310625e-01
inf
1.884199913048524855e-01
2.007825265088273858e-01
inf
1.990911984018245984e-01
inf
2.898593807553165869e-01
4.854600324614447571e-01
7.034979975497369642e-01
5.328510254603897600e-01
6.861861300937988073e-01
8.640156365775288894e-01
1.084169720991547070e+00
1.343055124201933959e+00
1.634346855491348949e+00
1.605912696296399877e+00
2.393707648278860400e+00
2.576808629691962338e+00
3.404484923100613791e+00
4.367968372308673075e+00
5.649557127784726518e+00
6.661937804573107691e+00
9.325017886143292856e+00
1.080433545406229001e+01
1.311992726052930891e+01
1.883810473378716566e+01
4.017712344010806902e+01
inf
