inf
inf
inf
inf
inf
inf
inf
inf
inf
inf
inf
inf
inf
inf
inf
9.248901219569723164e-02
inf
inf
1.573253666743602841e-01
inf
inf
2.454625573703095309e-01
inf
3.305683091819126562e-01
4.612829626986357789e-01
inf
6.070664887503421925e-01
7.927705495974802785e-01
1.007969380146170879e+00
1.243379279086234579e+00
1.530133977829347236e+00
1.593726783845409667e+00
2.097979234586741182e+00
2.752557296414578136e+00
3.418873856628174224e+00
3.917012023416242439e+00
5.187925211239359236e+00
6.257376675900863994e+00
8.210862196963152115e+00
1.025413418387101672e+01
1.356747008826277501e+01
1.775943047389229434e+01
2.057616291529473074e+01
3.557053340156062404e+02
inf
inf
