inf
inf
inf
inf
inf
inf
inf
inf
inf
inf
inf
inf
inf
3.588602835683279313e+00
inf
inf
3.651278332434567897e+00
inf
6.256925165646003428e+00
1.368679665926562627e+01
8.184371956552622507e+00
inf
1.099152752357463569e+01
1.460244795718120692e+01
inf
1.883837474155009772e+01
2.354248930760086367e+01
2.935841264386368010e+01
3.055375297927020384e+01
4.127591783309163276e+01
6.289034749766734222e+01
5.698383902140800927e+01
8.209329581077759030e+01
1.073393806605409537e+02
1.214176017296384344e+02
1.698197321988728845e+02
2.065310808986407949e+02
2.665341131658857421e+02
3.201475373880873008e+02
3.768936481457165542e+02
5.791258535078989098e+02
inf
inf
inf
inf
inf
