inf
inf
inf
inf
inf
inf
inf
inf
inf
inf
inf
inf
inf
inf
3.365625133603100672e-01
inf
inf
7.909192672796918622e-01
8.292933790128852456e-01
inf
8.925416100668474018e-01
inf
1.257475330082382881e+00
1.726364942517727874e+00
6.875707647896626362e+00
2.248553385403206040e+00
2.876533368311851024e+00
3.657449992504206104e+00
4.544848388326233390e+00
5.577955766253339220e+00
6.811064480361300078e+00
6.425554408943648710e+00
1.104288800956479122e+01
1.048519778292939542e+01
1.442271276102073152e+01
1.865126555901015948e+01
2.424301253470997608e+01
2.790307608748064894e+01
3.986248116610813952e+01
4.546618032002489684e+01
5.510089443227128214e+01
7.987008982114525679e+01
1.697379959513271217e+02
inf
inf
inf
