inf
inf
inf
inf
inf
inf
inf
inf
inf
inf
inf
inf
4.055460161507261319e+02
inf
inf
5.679853715218106345e+02
inf
7.826080267861442508e+02
1.010877015144436541e+03
inf
1.262094109451439408e+03
1.581678838533492808e+03
1.990731657582349271e+03
2.456450093846212440e+03
2.977360863389614678e+03
2.932678409748829836e+03
4.294338980595748581e+03
6.040105914418502834e+03
5.382008789853533017e+03
7.289621205774774353e+03
9.667290482801261533e+03
1.255906243186532993e+04
1.376178607257335716e+04
1.915347711088532742e+04
2.557298781516054441e+04
3.352939571826330211e+04
3.875324099101047614e+04
4.599285828732140362e+05
inf
inf
inf
inf
inf
inf
inf
inf
