inf
inf
inf
inf
inf
inf
inf
inf
inf
inf
inf
inf
inf
inf
inf
inf
inf
3.236642624736450063e-02
inf
inf
5.509179697061074299e-02
inf
8.607144144810399689e-02
2.158377470169156320e-01
1.164319835928922242e-01
inf
1.605463847432380686e-01
2.223432971490618970e-01
3.433004663672337697e-01
3.352323519364654447e-01
3.742894022114016672e-01
4.257863278019152764e-01
5.333393335510976385e-01
6.928807044579117225e-01
7.992212463319305904e-01
1.053417104122998715e+00
1.191351265390638625e+00
1.558268747446414526e+00
2.017824342988083774e+00
2.400953747196099552e+00
3.275208252062895564e+00
3.919158782594487800e+00
5.175062536623982190e+00
6.132297628370846354e+00
1.051620518259396775e+01
inf
