inf
inf
inf
inf
inf
inf
inf
inf
inf
inf
inf
inf
inf
inf
inf
1.718449281830543018e-01
inf
inf
2.922852942679672883e-01
inf
4.559509091652667601e-01
inf
6.136908793912455584e-01
inf
8.563293370040222507e-01
1.172948809643260981e+00
3.026260910145513794e+00
1.555300751190454855e+00
1.870968760568188838e+00
2.324967673820351521e+00
2.364775335739646600e+00
3.463130411319564672e+00
5.028777335849744290e+00
4.552371094213932601e+00
6.446013322662968115e+00
8.301162348475433106e+00
1.042251172569893747e+01
1.380349171153972065e+01
1.553655418723505299e+01
2.141888972125246582e+01
2.629955229287834229e+01
3.533122747244190265e+01
4.604956921834037331e+01
inf
inf
inf
