inf
inf
inf
inf
inf
inf
inf
inf
inf
inf
inf
inf
inf
inf
9.547938155774255975e+00
inf
inf
1.248483471263301148e+01
inf
1.698771231099896184e+01
2.269543620328034450e+01
inf
2.846835484394181393e+01
3.657306608661593117e+01
4.558622813752587888e+01
5.643874026559447543e+01
6.916927663356570122e+01
6.474048903518041698e+01
1.144741678124049002e+02
1.128052305119903309e+02
1.719129467080622931e+02
1.715141598099726252e+02
2.275806391982638104e+02
2.733065069503306290e+02
3.634536555143276360e+02
4.496430081441788502e+02
6.040159178858058340e+02
7.910499504376446112e+02
9.084641569690081724e+02
inf
inf
inf
inf
inf
inf
inf
