inf
inf
inf
inf
inf
inf
inf
inf
inf
inf
inf
inf
inf
1.651859011071980774e+02
inf
2.313774089611427769e+02
inf
2.936241095622013972e+02
inf
3.921837239041049656e+02
5.143607102064365790e+02
inf
6.446987819274858111e+02
8.114587739632355579e+02
9.850805855901817267e+02
9.223681133024092560e+02
1.737320069793604034e+03
2.075876567521129800e+03
1.867382356840580769e+03
2.559081292362171553e+03
3.503164052354106389e+03
4.343191153301947452e+03
5.788409920676624097e+03
6.346695454693668580e+03
9.802797211750395945e+03
1.045690502983940496e+04
1.231352897046091675e+04
1.895390255224287102e+04
inf
inf
inf
inf
inf
inf
inf
inf
