inf
inf
inf
inf
inf
inf
inf
inf
inf
inf
inf
inf
inf
inf
inf
inf
4.763598770208117561e-02
inf
inf
8.105940526085299302e-02
inf
inf
1.173738804331935781e-01
3.220607691388301386e-01
2.015680461259290734e-01
2.384602836860770514e-01
6.316361928962580530e-01
3.619315286459229286e-01
4.100536061145599320e-01
5.139087374072035530e-01
6.388716818400305142e-01
7.915232197032564532e-01
8.102059677677696525e-01
1.123254561032751342e+00
1.362479537491156689e+00
1.845350766300775991e+00
2.022687999718011387e+00
2.659703135817864883e+00
3.107073897478559665e+00
4.488951724734432602e+00
5.245404801534183648e+00
6.976334987511306096e+00
9.130444518990829650e+00
1.052840796921539024e+01
2.702345466260919693e+02
inf
