inf
inf
inf
inf
inf
inf
inf
inf
inf
inf
inf
inf
1.585288398586160952e+01
inf
inf
1.935645816760920468e+01
inf
2.760429007644448873e+01
inf
3.980453989901032230e+01
inf
5.318517736729749856e+01
6.672916352486512892e+01
8.573108050943271508e+01
1.068683331245092489e+02
1.323112088897101444e+02
1.605427498364014696e+02
1.939679366041564492e+02
2.342588098903831053e+02
2.135015414349011564e+02
3.898878460654570404e+02
3.457857152329301584e+02
4.640783414100250752e+02
6.092677215928169971e+02
6.767960722996966751e+02
1.098341219765380401e+03
1.165619545473338349e+03
1.552137676581873848e+03
1.811265043193490555e+03
3.271291040962427360e+03
inf
inf
inf
inf
inf
inf
