inf
inf
inf
inf
inf
inf
inf
inf
inf
inf
inf
inf
inf
inf
inf
inf
inf
1.733197066249521356e-02
inf
inf
2.950405712659797189e-02
inf
5.670965381853576570e-02
6.541445221753861006e-02
7.850792643338429244e-02
1.028811987784548770e-01
8.607253884135207533e-02
1.508584861291100421e-01
1.658340358682461324e-01
1.508199410222593184e-01
1.862794023624503581e-01
2.336794905517037002e-01
2.527658188096774672e-01
3.333796308247439222e-01
4.524962381587395166e-01
4.771960282578394108e-01
6.387966209343494128e-01
8.077761786413437672e-01
1.013917740893963693e+00
1.322116646376471749e+00
1.572331176045095091e+00
2.109361127456196527e+00
2.551340182197918693e+00
3.394764946156668017e+00
4.556440143620451799e+00
1.363204810500969179e+05
