inf
inf
inf
inf
inf
inf
inf
inf
inf
inf
inf
inf
inf
inf
4.860826246375081205e-01
inf
inf
8.265515622527068729e-01
inf
1.926342975971728100e+00
1.733934514932099935e+00
2.042050490266773100e+00
3.962713047254646348e+00
2.491809680075542044e+00
4.057917229917644697e+00
5.404015000885444842e+00
4.150703010936957149e+00
5.277559929313921039e+00
6.557970750066926868e+00
7.531327871342178959e+00
8.189967399360810418e+00
1.404433363419414960e+01
1.302129593395493146e+01
1.956675361316685979e+01
2.412799097999823061e+01
2.509375546105477639e+01
3.505907181817674712e+01
5.022627825100393295e+01
5.381906508541228362e+01
7.227716233243643273e+01
8.567437166448075914e+01
1.285059853417080831e+02
inf
inf
inf
inf
